110018
110070
110001
110045
110017
110004
122002
122016
201301
201009
302001
302016
342001
313001
160101
160017
160002
131001
131039
143006
144411
500032
500081
500053
500025
560023
560016
560001
560047
562157
600032
600002
603104
605007
581326
403515
400050
400102
411057
403509
793001
781006
734001
734003
700016
700105
797103
791113
737102
834001
452016
800001
685565
682304
571201
431603
360002
282001
530002
492001
673032
422007
208001
144001
134003
248179
171001
263002
175121
175131
145001
190001
180006
795001
796007
799006
273008